40 40 0 0
1 0.21 0.42 0.06 0.56   0.0 0.0 0
2 0.44 0.32 0.30 0.44   0.0 0.0 0
3 0.20 1.05 0.05 1.20   0.0 0.0 0
4 0.45 1.06 0.31 1.19   0.0 0.0 0
5 1.43 0.05 1.34 0.02   0.0 0.0 0
6 0.68 1.00 0.64 0.70   0.0 0.0 0
7 0.46 1.34 0.41 1.07   0.0 0.0 0
8 1.29 1.02 1.44 0.91   0.0 0.0 0
9 1.54 1.02 1.69 0.91   0.0 0.0 0
10 1.80 1.05 1.94 0.88  0.0 0.0 0
11 2.06 1.07 2.24 0.88  0.0 0.0 0
12 1.13 1.63 1.02 1.70  0.0 0.0 0
13 1.46 1.46 1.38 1.49  0.0 0.0 0
14 1.66 1.41 1.58 1.39  0.0 0.0 0
15 2.32 1.09 2.51 0.86  0.0 0.0 0
16 1.98 1.48 1.91 1.43  0.0 0.0 0
17 2.24 0.88 2.23 0.56  0.0 0.0 0
18 1.97 0.87 1.95 0.57  0.0 0.0 0
19 1.72 0.85 1.69 0.58  0.0 0.0 0
20 1.80 1.30 1.72 1.27  0.0 0.0 0
21 1.58 1.60 1.51 1.62  0.0 0.0 0
22 1.66 1.49 1.59 1.48  0.0 0.0 0
23 2.09 1.75 2.03 1.70  0.0 0.0 0
24 2.26 1.53 2.23 1.42  0.0 0.0 0
25 2.44 1.53 2.38 1.42  0.0 0.0 0
26 2.39 1.77 2.35 1.68  0.0 0.0 0
27 3.18 2.00 3.17 1.83  0.0 0.0 0
28 2.87 1.62 2.85 1.46  0.0 0.0 0
29 0.13 3.18 0.04 3.09  0.0 0.0 0
30 0.44 2.96 0.30 3.11  0.0 0.0 0
31 0.93 2.27 0.87 2.07  0.0 0.0 0
32 1.25 2.26 1.20 2.09  0.0 0.0 0
33 1.29 2.51 1.44 2.46  0.0 0.0 0
34 1.55 2.53 1.72 2.44  0.0 0.0 0
36 1.40 2.98 1.30 3.04  0.0 0.0 0
37 2.07 2.57 2.24 2.41  0.0 0.0 0
38 1.80 3.01 1.74 3.01  0.0 0.0 0
39 2.02 2.66 1.97 2.64  0.0 0.0 0
40 2.61 3.09 2.58 2.99  0.0 0.0 0
